Shahbagh 23.7371546 90.396186 01713373127
MirpurModel 23.8043941 90.3630292 01713373189
Khilkhet 23.8280947 90.4197168 01713373174
Rampura 23.7612585 90.4435486 01713373413
Daksinkhan 23.859412 90.426813 01713373165
Adabar 23.7709108 90.3592444 01713373183
Ramna 23.7456715 90.4045948 01713373125
Hazaribagh 23.73523909 90.3691369 01713373136
Gandaria 23.6995553 90.4210289 01713398331
Jatrabari 23.7102737 90.4355408 01713373146
Uttarkhan 23.8709286 90.4326622 01713373164
Banani 23.7899551 90.4018794 01769058053
Rupnagar 23.8173654 90.3600966 01713373190
Wari 23.71515209 90.4187585 01769058052
Mugda 23.7287811 90.4333632 01769058061
ShahAli 23.8054275 90.348875 01713373192
Tejgaon 23.7614402 90.3897648 01713373180
Cantonment 23.8244643 90.4055876 01713373169
NewMarket 23.7330711 90.3869042 01713373128
Paltan 23.7360921 90.41619329 01713373155
Motijheel 23.7299638 90.4170537 01713373152
Dhanmondi 23.7433038 903815053 01713373126