22.19938658204939 90.49900655579867
22.803548980131144 90.58009532265463
22.923482845646653 89.16107141825405
23.024594359343926 90.70382751546745
23.59430610612018 89.30791009463282
22.202691436087616 89.10600223570273
22.649967279254238 90.6649714780896
23.142109205433357 90.03803726040839
21.596965901462777 90.69235424817971
21.208318038700416 90.4042369165
22.43571047362981 90.96706476176783
22.46683720516882 90.8215640572581
21.161884990773164 89.65286248215787
21.952539196484608 89.79290902130403
21.471195451602608 90.64124988836255
21.839035627610322 89.02370132732196
22.977645934873326 89.73036689222876
22.632258205783863 89.72616403742941
21.531861607379597 90.55425370115185
21.46059278382097 89.13246225398464
22.596093913945325 89.8831480267347
22.07591581612721 89.37745259566046
23.09640851063845 89.38618666769406
21.315624146549236 89.41369111594089
21.73017585478115 90.9810841527056
21.50524263072137 90.6858122493312
21.358349936037055 89.49106410384887
21.604435206207317 90.91834357673436
22.85713850160475 89.48752275070129
21.816237203073083 89.56047433613891
21.642535747234593 90.91760596633186
21.8900698461494 89.18324868450676
21.01380411568108 90.39908637585575
21.453588953609206 89.43910884423074
22.488361019131045 89.9106271611793
21.40666262909803 90.07066435983278
22.420642321289016 90.01372589420738
23.70276495193132 90.89501928768244
23.411380809731124 90.71333142563591
23.72881438121935 89.69193979609489
21.321357699694445 89.59733294855971
23.973978682744256 89.48860019998402
22.105049406545902 89.99082089475493
22.751209085715967 90.86059638636117
23.174710687575367 89.5192247076598
23.40226008696439 90.55837012981985
23.594302928324737 89.69513400789208
22.677691763010696 89.02014052671433
23.085291225073167 89.92681324467745
22.83784551013723 90.14689183878765
21.602704084679075 90.69212423891182
22.469024969410373 89.09191995469827
23.109964073378208 90.52977160039464
21.05110606735921 89.75689325589562
21.144867236783156 89.97049220097914
21.948543703081782 89.18833677911559
22.826703972974535 90.56400999467499
23.726233079184844 89.13290072456948
22.105883522838134 90.75328347564505
23.514926639801384 89.63672941118524
23.30253967421058 90.50577360087325
22.567900272356553 89.7636975158637
22.319463677394644 89.33216491081392
22.161303196738366 90.25923591254384
22.347326017149065 89.60617515303923
21.59512017049254 90.30092029099774
21.40651841997895 90.94479139457427
22.2499143690844 89.3539512532218
21.690061728906695 89.81647456053537
23.446514301514732 89.5891053097201
22.385894332690363 89.51557652003349
21.241547038955297 90.32269115899054
22.464473076561784 89.17441815917267
21.271215831594528 89.50249785738237
22.81898414109021 90.58017853719012
21.328959276694846 90.39067472828786
22.14058084267469 90.22194987779208
21.529623067756006 90.28393637430163
23.999930368581886 89.21401487287409
22.673516982206582 90.36343857262317
23.78897020270567 89.52460708350654
21.778222818894022 89.58112462618342
21.453141211547013 89.28511743435232
21.694258872353657 90.86629485438488
21.314482021906922 90.86291351864136
21.26270248202987 90.87560392072356
21.74983668901587 90.85164124747311
23.608609960886913 89.01164596105059
21.046044011034564 89.16608174986129
22.893569463582345 89.49973800880696
23.40534491996547 89.02433895787107
22.173961498066213 89.93946790660023
22.81936121958219 90.75833764683023
21.928496243683394 90.93702334597393
23.368866067933414 90.11431337357715
23.329336555310228 90.17627512462697
22.4391837023848 89.98817968342077
22.43561092266186 90.60103674162421
21.36742369428215 89.3863613673169
22.18635942320547 90.25787962311456
