104.28117012345336 114.56519927593558
-83.77424023417325 147.02616538399081
23.9189029 90.2581744
23.7226034 90.3855069
23.7362425 90.3896613
23.7362493 90.3896632
23.70126 90.39753
23.1779186 89.1981296
23.8807387 90.3891209
23.5712336 89.1755101
22.7138441 90.3558522
22.7077956 90.3693662
23.9973731 90.4363729
23.70042 90.39917
23.7597681 90.3617359
23.8898877 90.4051175
24.90996 91.84141
23.7731 90.3657
23.6966386 90.4591477
24.750675 90.410894
23.72907 90.39837
22.4045543 90.2495364
23.0034983 91.4062993
23.7598233 90.3609294
23.7297932 90.4126
23.80581 90.36286
21.5979666 92.0568408
24.1169541 89.8880765
23.7884913 90.3692374
23.7358344 90.3891093
24.90218 90.82375
23.71659 90.39582
23.73029 90.39715
23.72302 90.39622